dist = [0.316, 0.333, 0.354, 0.378, 0.408, 0.447, 0.5, 0.577, 0.707, 1.0];
power = [0.00544500, 0.00448470, 0.00420750, 0.00387090, 0.00291060, 0.00247500, 0.00201780, 0.00144480, 0.00093150, 0.00047970, ];
